# Conjunto de retos de factorizacio'n.
# Cada linea describe un reto con la siguiente estructura:
# t, n.
# donde,
# 	 t <entero>: Taman~o del problema (en bits)
# 	 n <entero>: nu'mero a factorizar
#
040, 377671213147
040, 601800079117
040, 867959933359
040, 920459505491
040, 409153121431
040, 742032714463
040, 512984301707
040, 601525344461
040, 430872253997
040, 475029222919
040, 356159076401
040, 768456929017
040, 669291727187
040, 732680739067
040, 625853270869
040, 449071818539
040, 382309761661
040, 400716858127
040, 525677325253
040, 376553569493
040, 544893691021
040, 361026963221
040, 353142699719
040, 868740710879
040, 954249651703
040, 610399629157
040, 676404532631
040, 500011943699
040, 443046905387
040, 482349732881
040, 621449095963
040, 493794472811
040, 820203967823
040, 764354997053
040, 893613076333
040, 914547159797
040, 519596661733
040, 346802956289
040, 616932525127
040, 417443308483
040, 649519207373
040, 722917509091
040, 643038511337
040, 569116671377
040, 676799297173
040, 600724261031
040, 577467156041
040, 487026714137
040, 806876161417
040, 477981629413
040, 457797370841
040, 535757699629
040, 644230519003
040, 546324741089
040, 755114582333
040, 440258998211
040, 944756045711
040, 419543482063
040, 1057480263611
040, 567169530553
040, 689002134251
040, 860708202197
040, 607293907673
040, 1036129452961
040, 713044034603
040, 488096490767
040, 678349098979
040, 532552537129
040, 623342211061
040, 1082298018169
040, 750168480247
040, 370111401239
040, 402057037237
040, 552923567389
040, 618944330083
040, 671596328101
040, 682743832201
040, 399922373167
040, 517504041577
040, 623126826737
040, 316294447633
040, 681681909863
040, 485705521909
040, 791862721159
040, 381133066177
040, 725033412659
040, 1010988386477
040, 443645322947
040, 403910571049
040, 589276200307
040, 422747359273
040, 623481987361
040, 454881901261
040, 699525356143
040, 522830046419
040, 682371692999
040, 698678621653
040, 430545493349
040, 298164169517
040, 543390605413
#
044, 6442083696299
044, 8360288238221
044, 11883042983473
044, 8217665999869
044, 12760008999343
044, 8955535081481
044, 8546717761649
044, 9071137183877
044, 10828884739427
044, 13387091167309
044, 8370759148469
044, 13276294759591
044, 14315001047153
044, 10079438668037
044, 13551650328127
044, 5080362852599
044, 7460451118829
044, 7782587557793
044, 5874814940081
044, 15449416128823
044, 9326389987919
044, 5863948417753
044, 5705521310477
044, 6078615202241
044, 16416996230797
044, 10024520110679
044, 5334788839637
044, 9581474429953
044, 7057825518673
044, 9952011585559
044, 14699435693479
044, 8517712926337
044, 9070518191677
044, 7377186533741
044, 9934913337889
044, 12478826081173
044, 9550770963053
044, 14163593872237
044, 10573131319507
044, 11539157055401
044, 13876729589539
044, 5887468499333
044, 8742493029427
044, 8358541026349
044, 14514669279127
044, 11057394782783
044, 9000454112761
044, 7679556399041
044, 15861417326357
044, 9134444020717
044, 9689631981217
044, 9999599000497
044, 8401313099131
044, 8826808042457
044, 9270427613963
044, 15602102269279
044, 6203988134501
044, 6516226495871
044, 8560657255793
044, 12855093694301
044, 8916846812197
044, 9714889662521
044, 12701621854147
044, 7157353902143
044, 9956404039159
044, 10723526464279
044, 7703903015507
044, 10160347319021
044, 10505202095573
044, 11548877435371
044, 7571091139883
044, 9832224121981
044, 9842835119809
044, 7959751386581
044, 8892838490563
044, 10766498490463
044, 15367335732131
044, 7356817546487
044, 16458651904733
044, 16171526722097
044, 11408286184103
044, 7337760508097
044, 8002243113433
044, 6373456120699
044, 11184969562751
044, 6328775620763
044, 11655832536067
044, 14381604026827
044, 6553243374809
044, 10560956608463
044, 9332997857149
044, 12947419514717
044, 8590422260561
044, 8885089097393
044, 8673734078519
044, 6322752212927
044, 5121667968959
044, 9321849495877
044, 8167563128279
044, 11339831114723
#
048, 123975450079939
048, 210589233472859
048, 161041534559617
048, 242275685505131
048, 185984743177043
048, 220378519054019
048, 203170578291001
048, 248229087694283
048, 172679382418831
048, 198473007939257
048, 161198113423247
048, 90567135152873
048, 151402027696967
048, 95065039566163
048, 164194286379601
048, 110697002419747
048, 188860803729893
048, 199775280231311
048, 191397503364919
048, 222880753478569
048, 165235327279483
048, 105853389526667
048, 153099801278719
048, 155641964545681
048, 111831447624833
048, 115298630979349
048, 152283183247453
048, 183849124323719
048, 144980588205587
048, 187185113018009
048, 144650561153957
048, 130649900682949
048, 120905988633967
048, 76108591076839
048, 192772073485913
048, 229396425728893
048, 131025382079881
048, 159584932182409
048, 149449967430487
048, 162365722960123
048, 210646273383517
048, 217861257532727
048, 131187071965127
048, 94532686595923
048, 187588416035567
048, 163615379438207
048, 138233993687203
048, 228769111522607
048, 86538187239893
048, 202071421328411
048, 118163458190923
048, 167017730640139
048, 129736955464573
048, 120378137589341
048, 227046431741419
048, 121774253088001
048, 145225521548747
048, 184569066985571
048, 150340145429833
048, 120000875284457
048, 162492527779327
048, 146355297740039
048, 123149119957249
048, 232026534241457
048, 110830032854509
048, 148452151970491
048, 143068379024833
048, 82939275420307
048, 111079712151439
048, 237208144083137
048, 170364937442387
048, 105536455084901
048, 166503458265401
048, 166105848016907
048, 181457885012857
048, 125575981644301
048, 105694530889487
048, 84294130531361
048, 187926733416283
048, 134085445569421
048, 107283933922489
048, 173612483477707
048, 96898705643303
048, 146996678704483
048, 259276579644503
048, 115395338648927
048, 118482623783131
048, 107182653406307
048, 95642816913131
048, 159983380145041
048, 110571322751453
048, 185757783327967
048, 232351042682039
048, 141238499914363
048, 109444429948823
048, 245994912591931
048, 219710046197321
048, 183046928777369
048, 114241704354149
048, 207849029077861
#
052, 2993977678096709
052, 4082227367923429
052, 1571061068899373
052, 3552023938731617
052, 2156209180798027
052, 1776607767390679
052, 1746321356886941
052, 2200099093333327
052, 1723410969150617
052, 2613920051719829
052, 1340899490447233
052, 4018042931104567
052, 1978295671375259
052, 3271965833951761
052, 2558475914340023
052, 3447880723270681
052, 1660242600753197
052, 2677163204759741
052, 3374120503895863
052, 1724851785566159
052, 3299667908762333
052, 1546551085718417
052, 3334363648351091
052, 2402737682474551
052, 3846126539800997
052, 2344673146340599
052, 2358858055365661
052, 2607072594832639
052, 3363046375343969
052, 4166457590602949
052, 3182639264438519
052, 1351455645782119
052, 2766092274418441
052, 1921586460806849
052, 1742847718584431
052, 1996152295185263
052, 2280448660940893
052, 3475565081449663
052, 3276786881207657
052, 2499758935364099
052, 3307958874162499
052, 1941391247655269
052, 1681818623583019
052, 3199498313820673
052, 2461716652696267
052, 3560292510106523
052, 2148848266440763
052, 2177722666947833
052, 1462101109833781
052, 3494140173742247
052, 1476600492030641
052, 3788160968938111
052, 3261151355363479
052, 2588869692100711
052, 3382690389553399
052, 1872932150543617
052, 1346326427431709
052, 2499005125156559
052, 2851649119568653
052, 2429989173695959
052, 3010057532273353
052, 1985641632277949
052, 2735041974432571
052, 2107591827464933
052, 2341479472652561
052, 3019505049274447
052, 3801006196235371
052, 1246146981605819
052, 2300259664134659
052, 3001366311914381
052, 2901601984304873
052, 1541650175880323
052, 1469074423237909
052, 1817938996947377
052, 3342343225932163
052, 2891954945191853
052, 2166499234539709
052, 2911368675560927
052, 2825712492992887
052, 3250573876305433
052, 1617900164700359
052, 2580551403444353
052, 3080811490650653
052, 2204947605063493
052, 2269355769170969
052, 2105090506789351
052, 3297544916526821
052, 1330046734647107
052, 2110007914369513
052, 2963288261431231
052, 2724689620610219
052, 3493717061073647
052, 2671999163728703
052, 2737961499020999
052, 2330538255024131
052, 2917030979470033
052, 2499042893133607
052, 2734337145061279
052, 3743668894083179
052, 2024286326521451
#
056, 24819598640131723
056, 50361810091654673
056, 54773840768197361
056, 33681023125291511
056, 22399191449847391
056, 32389105444305079
056, 35839641394140307
056, 54804145723978759
056, 23737511324321897
056, 35185104143926519
056, 31644542602089737
056, 23307605383649947
056, 37623957623273293
056, 33909173910768151
056, 37381804300198363
056, 27560957352841043
056, 19337663431611061
056, 33448239491617831
056, 28265906615891149
056, 23540557464565447
056, 30557430424504279
056, 24157665100700843
056, 31429008776962969
056, 35382504698266867
056, 46234190004252491
056, 31290748740064267
056, 61573573258880443
056, 35943757463136239
056, 25656351451470977
056, 29607103694435867
056, 62567939338543217
056, 53862682302770933
056, 32310812728719487
056, 61548376979128889
056, 49852491160438163
056, 28601375604606199
056, 59445125004559771
056, 34066130947466857
056, 23393541272783791
056, 56825113258157197
056, 41233195549799819
056, 39246819269706131
056, 36359452968605561
056, 61008903224487469
056, 42512373172614431
056, 34486856000800799
056, 55652679091253033
056, 26002861770207341
056, 37098984180348481
056, 45818475667769551
056, 38642542114277281
056, 41447223220405973
056, 26329838217144233
056, 36586676990103967
056, 22762040380584097
056, 58582544068869071
056, 33530061250313393
056, 31967946609738701
056, 52457270927712601
056, 28845803832659959
056, 55202353282671689
056, 29130642912465151
056, 35621117098268123
056, 25801839592275953
056, 29513818035921013
056, 36757365924203167
056, 48388546715101309
056, 27613194844590437
056, 32418655169300209
056, 31814359249827383
056, 31956810626946577
056, 44820112204856383
056, 28002626583394301
056, 53780023023465733
056, 46262469411505493
056, 24737912970197611
056, 53671264264362197
056, 55404465296972161
056, 26531160041203159
056, 38557239351245929
056, 42903115426447307
056, 54858968724048037
056, 31243965429027361
056, 46858161260943119
056, 28764461489789327
056, 38038328466162767
056, 43554082566092333
056, 27451808664425309
056, 37198417988940889
056, 48294491091940103
056, 52437374198622097
056, 48580892529323041
056, 42956645509775827
056, 26824515813375517
056, 26317507486529327
056, 29060612480455459
056, 28814145580803601
056, 42697356662668699
056, 35651065044685043
056, 35011725671215313
#
060, 591620157224804927
060, 581538588458536781
060, 831952968760385623
060, 867919091118275681
060, 793320232311529987
060, 841433396614519801
060, 817740039405907633
060, 633269526164509733
060, 1035770028623220439
060, 766760592444808009
060, 914275970088829151
060, 685487031725084573
060, 411538986024221933
060, 584736260710291541
060, 725217614622942473
060, 494888543409842551
060, 854736271780919839
060, 519517043916680627
060, 496029632267105863
060, 471466414851884119
060, 764936798805958693
060, 864949751457781397
060, 518266980106440619
060, 557343082096959019
060, 690427062442196887
060, 663269785368855673
060, 628637962910749139
060, 769040353801530401
060, 432944764464609847
060, 896897994762415159
060, 577450629490057237
060, 621833614869772469
060, 563137108850699021
060, 960185835747987403
060, 618304667216081303
060, 485003170622260399
060, 743925150688356319
060, 489960250675322897
060, 551241378996911969
060, 666908044470243221
060, 600074285625529441
060, 639484389097439297
060, 749749163864279849
060, 810212787643791107
060, 769841089652525677
060, 751697457955207717
060, 402348887015565527
060, 928155349201262599
060, 490828684414104371
060, 1060309549670933161
060, 627774198793108051
060, 610863061778675521
060, 690331845015836077
060, 422625976139102101
060, 794195622355292407
060, 386965521606095777
060, 579259096981021397
060, 924459709732810201
060, 461728514707011437
060, 574222510265744633
060, 610428754620496351
060, 504350985260419621
060, 375480080559569413
060, 917489700677256727
060, 880220115054689261
060, 1002988388209798889
060, 694063623316659053
060, 1004190559791552919
060, 609618681702794957
060, 546492476970110009
060, 532934183006102077
060, 383624818177478701
060, 313187053467957619
060, 410414913344754121
060, 424097183917161101
060, 681709860599792743
060, 642878560152434821
060, 810118628055942379
060, 738061709065971223
060, 830297511166438481
060, 793395295982872837
060, 589530397553221309
060, 975746934404924599
060, 553590677149646447
060, 754250283907089839
060, 991465122842073739
060, 643280562702284747
060, 350056589125018109
060, 830061868179372341
060, 714687245539694107
060, 615984316904151341
060, 411263054756998043
060, 633163001667119419
060, 750994816911763387
060, 409476747204885721
060, 661196657181341537
060, 535972864526338777
060, 1085949729859806283
060, 522259122242917369
060, 999718865484480937
#
064, 15892817001334435717
064, 11162309055469418827
064, 10667178873970289317
064, 11895634277729953441
064, 13063558353716377883
064, 9311985195247078381
064, 11467983569657407979
064, 8302704452599468973
064, 9424158501417108731
064, 8462549194412249837
064, 13839699336944409451
064, 13621837531667354987
064, 16967377252566416581
064, 13632283872067702651
064, 14958201877769728051
064, 5985940572328863371
064, 14941397990565295111
064, 8454471789860522749
064, 8940615927840044351
064, 7658158440006994873
064, 16953753646407886723
064, 4830239493042061141
064, 5949540314207117129
064, 14741531999784903559
064, 13203462839951611207
064, 8050047785061105899
064, 10196789000385123541
064, 8467795601120125693
064, 7463752943109696419
064, 12146014593132716741
064, 6105822962004353353
064, 6416854048044897571
064, 14930326577895834337
064, 8802886377406074323
064, 9096975340346470417
064, 9701648250127339439
064, 15794167286185166441
064, 11310830538566585627
064, 8024647369046868139
064, 6957725206020658819
064, 11313386262092267791
064, 13247617980994267837
064, 11511093368679607621
064, 7212568556737854649
064, 16011411261189413593
064, 9904420698275920409
064, 7362820699628269523
064, 12030824359063264949
064, 7571344407558087383
064, 6531015649863977819
064, 12258518580776814617
064, 15735099324118675687
064, 7874719288910815469
064, 14522034359530058677
064, 13453667962238375231
064, 9617286602929048049
064, 8299034236890738083
064, 9846190724778774869
064, 14043770294930965139
064, 13454419368705567013
064, 7653137181524197651
064, 8650027902841276333
064, 10888773347474769737
064, 7021089209685543241
064, 10649778239517532823
064, 9839525815507457977
064, 9025031150875594039
064, 10051259328748193693
064, 8829610630693676149
064, 12931883581140595741
064, 8098830723981649063
064, 14868509329307042993
064, 16010721607335501953
064, 12331706243583037763
064, 4977398310662278363
064, 7712579894687015683
064, 10742136826032582247
064, 7754387573673232783
064, 13571674342237112887
064, 11536464340142446909
064, 11658626496678739637
064, 8908848086528919983
064, 6769206123272126323
064, 13841070766791855421
064, 10286442928323249377
064, 8830960554295944583
064, 13316258419380376511
064, 10951739058832600849
064, 11305747643149010587
064, 11198534018700891229
064, 9544404007689596627
064, 11347621523400436361
064, 9086100520657408627
064, 10571533066275078109
064, 9442562185560595381
064, 8614843212061161157
064, 9202607838626493503
064, 6031702469668416643
064, 7746488932091145419
064, 12211590662514090151
#
068, 153820258812639285523
068, 97618064524140304619
068, 139707314478556642541
068, 240933841778965349563
068, 196282673288580580123
068, 179471777204252896771
068, 108416291529818260327
068, 283619748227653276171
068, 279201530386463392087
068, 193501011170814961157
068, 135400116253666654799
068, 138600167594642866813
068, 139509018020412292477
068, 146218514764794610909
068, 131959054219980026471
068, 114518506097885735233
068, 92019121565244260069
068, 172039313192683907291
068, 143108596830093040823
068, 113968126657573495891
068, 228502691927065394053
068, 220415725906897700027
068, 114703760438601374699
068, 133488410870195400653
068, 137250084471231113873
068, 170320374081321642721
068, 100465861822744682021
068, 159573985383977130409
068, 141567798221832675131
068, 106604260092017860999
068, 201061006016414843797
068, 159439473687402755503
068, 156022319259912230897
068, 155328167294920585319
068, 203516400267159462211
068, 154717341287131450957
068, 163925769945327596593
068, 170995482313276336139
068, 150285247715016799873
068, 129638196475398645053
068, 238483569934143420119
068, 182271970951897390999
068, 169279511966320476173
068, 272315046704500552969
068, 161986509648045806657
068, 157679942778156504899
068, 242350297182664814861
068, 121014035807874512249
068, 126361086241359329519
068, 125262568752512971883
068, 124602019590154456991
068, 185850836306879600617
068, 190952724193818293591
068, 145601938004330739851
068, 176162903303630951573
068, 142497097638421662469
068, 170595672766793144527
068, 152380407567858764551
068, 240150179039012363279
068, 93465149162774449657
068, 107131004203348423691
068, 192703801858357684561
068, 118297285390070064643
068, 128858695444973784233
068, 255645367792620440801
068, 238014383405300426179
068, 226030636522300912067
068, 270150427433800211783
068, 125030399721128282929
068, 152886688737431674777
068, 234149840836370596927
068, 185564462087488597307
068, 150006457833421241827
068, 204161745966870319513
068, 219471947350693755269
068, 216999281415283702183
068, 149405964716702668553
068, 154847260970917048363
068, 238436622092884911821
068, 141025905856512522611
068, 131895341651126903959
068, 142945580744048682557
068, 163218513603490453337
068, 250984483628565852983
068, 214338684967136646773
068, 135424693559941502489
068, 197926002607748468783
068, 165812249881511126417
068, 156306010043304123439
068, 85225117383433708867
068, 113027600784767842009
068, 100053617687876636209
068, 143458519546026132863
068, 84822583995326055899
068, 171053940386685618697
068, 173785122402272963717
068, 169055923049047623343
068, 211963072718759585221
068, 148207606773166557311
068, 136662512382350812687
#
072, 2279346010278815338187
072, 3567944480779280973697
072, 2790706761674392680869
072, 1344336759764530507343
072, 2212261037329986130693
072, 1997660127472751711077
072, 3723075523716816538657
072, 2209327793726629845019
072, 2024295479066027075413
072, 2549102722960214146993
072, 3164103786643107808769
072, 3771314739205748850617
072, 4178999125300060684933
072, 1525165519002756280597
072, 2854383722831483714021
072, 1515769522801750284281
072, 1539335551532058097907
072, 1947394168706545161553
072, 1647748978972736407597
072, 3636359283434994294161
072, 3785984637569878960679
072, 3588456091225638813749
072, 3303790996962904076333
072, 3678442177266065363081
072, 1661128353724025655377
072, 3609333684624786770801
072, 1364931880028265795119
072, 1684057402245517837789
072, 1500105057168549475177
072, 4109517043398612560969
072, 4456387329322807201007
072, 1676386372144013649341
072, 2751407842242500125121
072, 2001794106670041523117
072, 3576384951956832818519
072, 2230436910029466888637
072, 1719526114763483408653
072, 2826904126338171808001
072, 3953686304716670095921
072, 3868184065306231312393
072, 3063446204861794455251
072, 1913682336257245582157
072, 1938824738941959368363
072, 1456462992195680548487
072, 3590245817192977775711
072, 2167728775227620867993
072, 3328483361825986470413
072, 2761584525436000509407
072, 1812743897693936869589
072, 2579075430978679047743
072, 2508263102407388709967
072, 2128901495418398848481
072, 3084528918665854988651
072, 3726544333867280354867
072, 2145448702260929099803
072, 2431291486666878423911
072, 2270154364459823540173
072, 2161403251822668721141
072, 3273079302672291927257
072, 2545360569843210980879
072, 2913806571452072927479
072, 4647809040467502488627
072, 2454976359048169602319
072, 2448623358920491750351
072, 2297875103479320748837
072, 1643363912949520488481
072, 2460457537304947800079
072, 3622044084478999931711
072, 1933535579160699370979
072, 2575290369418619795539
072, 2057170472634706116143
072, 1905445242240735796411
072, 1650749263253786692613
072, 2037625144067978684629
072, 3706991217918725854541
072, 2786061615401239342127
072, 2696690996075956376681
072, 3050469460078807021733
072, 1910566792267150860209
072, 2357296927348507155329
072, 4045150454515058639701
072, 3039861391090286951101
072, 3402812202773707729471
072, 3462963062741096258527
072, 2740961688779563855607
072, 2541021045518758358239
072, 2420747473867829380459
072, 3062015867057521024561
072, 4276956129665813930267
072, 2268116590379291162627
072, 1926427507056059841637
072, 2147528054321679023479
072, 2728973833671687872159
072, 2558125179001518281303
072, 1314658292398961454053
072, 2346385838825164866911
072, 1446207973513427292379
072, 2334839680502191186931
072, 2319449706781799024177
072, 2123356141481730761563
#
076, 34495276991912032163137
076, 51089179180918344528679
076, 48549599278855919846597
076, 55400555305931706771353
076, 27093395213726672135027
076, 62302344658257243572269
076, 31853215627467353252339
076, 50474882793992417107957
076, 33254241057742684200293
076, 59413183017289095865687
076, 52784927074218801542491
076, 48662243049333617645173
076, 57882347394409900153613
076, 46757401790599368375761
076, 37804632346503115244843
076, 30930801190014648204767
076, 34468747787630540662351
076, 35844920055207481068559
076, 64222493725362467010983
076, 69927880043851659882587
076, 66730348776132008423017
076, 34173713785601325959819
076, 33050359416107949885269
076, 57351875525600849882027
076, 36464233558201571754469
076, 66199553661263688034571
076, 57495523219469576157953
076, 29280555002604658698457
076, 55705091301712507255387
076, 65753272461710900652371
076, 40372811767495535614939
076, 38617405031571978700093
076, 38731206235547243804761
076, 40186645083149599887037
076, 39250979276756735808907
076, 36609196771168682110159
076, 21129689081046305700289
076, 49006823160777122743901
076, 68569653530234880939457
076, 34001519488541222743033
076, 63437206273436186020411
076, 56558327986383371168971
076, 43961467966645598878097
076, 45744748988307134587343
076, 35535323247137623996187
076, 42049067372042070028771
076, 31043144328853095825059
076, 31123977308746873267919
076, 43524404340698233477963
076, 38022674927319811129873
076, 45866179081011790932037
076, 42951777139239059539507
076, 37050920267979430583509
076, 42742182122671836774791
076, 42540323440581091387583
076, 51221968994260039251373
076, 28091409551122640111953
076, 37822679722520042566429
076, 53162876107250619214487
076, 39025723115102396477087
076, 28467392326265838513341
076, 31365234876438729233321
076, 62915661365755450588667
076, 37575565789060621522891
076, 52277306811987316929007
076, 39375166221597381007319
076, 53543617722777370817329
076, 43872165437832802904489
076, 54806681242179560188169
076, 26695832073509371011469
076, 35551542772591221850559
076, 44368563748869058642927
076, 57308235406791529491679
076, 24791438504782601580679
076, 64795760978934726139957
076, 38223051669992255735573
076, 56581701521063673406073
076, 45404728414901236477997
076, 44124056037127968057841
076, 31499591464979277531167
076, 48644906914561774373419
076, 67165917693144329087081
076, 46739535061658050840513
076, 33955465882326645809027
076, 54972495233272003959629
076, 34024081983142128966061
076, 54243048544481297477117
076, 33668073396883514789023
076, 28608819011921399761439
076, 44867977668691689497387
076, 51087607003973140638343
076, 31998835313956860299189
076, 50384412723918830947787
076, 58714330671414070207091
076, 43409968019898261481543
076, 35507501734767272848159
076, 70206412439874792794851
076, 52884093781527199341289
076, 48157680066590258494871
076, 46890749774266007473021
#
080, 605201116543678935813119
080, 614743202512998827133031
080, 818934810196268655310963
080, 920102604938272884750403
080, 754781739098628176018731
080, 678393254415226284966407
080, 566074449118120237495687
080, 710447756160309049669373
080, 775486400778421590088111
080, 565381605023028668337877
080, 909431747766652676324119
080, 639375601789179892189837
080, 797791480953239743867327
080, 912875167579272373301323
080, 492089367481991097393691
080, 900247130159633176903511
080, 535587464665907646559621
080, 505551519625829124470753
080, 422706800238660139551127
080, 815680893286323637561949
080, 732187131732962668909109
080, 554603338431704194479893
080, 624221733304434987209099
080, 739143564465695279731439
080, 667843861423939857406523
080, 842756596148797258030217
080, 566360179736968269388709
080, 826962174759897252079139
080, 504160740583366625338687
080, 603125889472050733966459
080, 481229125444861144371667
080, 473750812674867101726903
080, 574889915933153560466323
080, 589609659619189380999379
080, 929379197185943861844677
080, 673679134771623410712929
080, 438087951164189665902863
080, 884427794160963168642553
080, 863791625653427978890979
080, 695504123287691868080509
080, 702715937024485132517927
080, 371337611573276464612871
080, 618972219533255204438603
080, 423510023391501008924149
080, 782221773226009208951227
080, 605616306991094046023729
080, 756632258265834380788201
080, 412872198168962715914597
080, 525974385699496099586299
080, 743998676409828065626619
080, 844049680465498623691759
080, 1064998812274288940213447
080, 1049839547259812267656583
080, 320862306748163014639163
080, 357001522610055498442367
080, 614712396127629522365789
080, 478066877158654440534811
080, 706810092434023019370631
080, 576422209511574788216903
080, 398479810981097375912399
080, 533964438927328364693237
080, 596217439032871980920863
080, 827775981592163608963631
080, 1068714673837976659972123
080, 613511985002053624865711
080, 376168112569953567086453
080, 647697503752026344335447
080, 456487336903617288233521
080, 688149383873433490838411
080, 448005994012160704215773
080, 652436442243169360659797
080, 758733165042476652005891
080, 573683524111448813795357
080, 518192503065058333404469
080, 497315837676571360484249
080, 1058933196960299928354721
080, 480860327482818631104451
080, 587091059399326641282377
080, 500690747090342723134709
080, 745164891470187238069321
080, 711429652412581212479563
080, 947483198345012173079539
080, 913333191099612604195631
080, 804147741760243361506231
080, 866480176956856686773909
080, 818970412736684821444651
080, 655411909778626479560027
080, 546647827202649764903771
080, 526637333834814497686961
080, 899755895673086901280229
080, 768977101018954560951331
080, 853568718533306218742917
080, 601596967011068999019281
080, 533374768342768997477407
080, 536796479144581511810567
080, 644986966225480571420929
080, 509593802072200393216133
080, 586656002509124231267677
080, 636400834748272210228741
080, 862129278224259034762217
#
092, 4048418368080317322350259673
092, 2021409602535370166536202389
092, 2725819893594716052917509553
092, 2996100018357009616651177171
092, 2552141199911193652933374391
092, 2563673763410620042868508089
092, 2003792884405300830257142019
092, 3116512111863695112309226151
092, 2182163646710240371336405889
092, 4096000198783540124996112347
092, 1699373958473868557238920879
092, 1761032478038749494229923731
092, 4472771734209693632167944623
092, 3777780115360355426924916701
092, 2917780317135473114794542137
092, 1604729899638273512036452697
092, 2636910161668659705406379437
092, 3034673995529768017981178171
092, 2892998021238095665341902339
092, 2124277606553435175346705601
092, 4341682485809321459913006499
092, 3565563324203756957222220133
092, 2819967234545855845279892839
092, 3244797835725503217774296803
092, 3843585167208372735568933141
092, 3316149464272283993024748019
092, 3126601497084539130252244163
092, 2886346862424740874078415253
092, 3567127475631323068927818767
092, 3062535495266195586003858449
092, 3059081369093904535934860409
092, 3369197423517929908157427311
092, 4696253859212624815883177689
092, 2718690058655511739066768793
092, 3580894253286012701271134567
092, 1685286729944089449448251671
092, 3370039095914166137097479969
092, 2340501243591411013702517429
092, 3634143449810689724534483719
092, 1512544725760688279684528887
092, 3313493561343477079981702819
092, 1948809610403406327023168411
092, 2726478294708365281373671813
092, 2419589016615240008594474297
092, 2929335198595969916235721009
092, 2403067395974535902778823693
092, 2726027153175185753819885413
092, 3231714053161001502099157657
092, 2917856961818552291589613633
092, 3503541712879095383108782969
092, 2714002726807051738230876251
092, 2750757404917743935082186457
092, 2252388347609031077062080829
092, 2351802376039111421224902793
092, 2008192987318690460712881383
092, 2628059675281701439344497471
092, 3772810318308481184249069917
092, 3363423697624617953577095309
092, 1459344673891280713392837623
092, 3244713895699606507419335689
092, 2296585898782988513206789693
092, 4261455117968898967772394647
092, 2139272014301410073910410777
092, 2494452069071466227274424147
092, 3181824496695377209164651073
092, 2543041171814369573104723747
092, 2086007285109450701474939173
092, 4354522911194801465338075237
092, 3526883589127703572950899099
092, 4056274277840323549451967349
092, 3287792505583844258153824417
092, 3640292790119117001111491189
092, 2548153678933403803899706193
092, 2157612307211273361762233257
092, 2553978117410654599178881309
092, 1948597574342504014036684153
092, 1964949401806362187826914907
092, 3620538786517254894290550649
092, 3061967571307530760488568837
092, 1662142086623047418245715203
092, 3726469896174949336649280463
092, 2906334297655443674367628039
092, 2068795504370369443081699997
092, 2168749713361215198943759913
092, 3974925919787183129777949197
092, 1955916404864504210950227017
092, 2657398367315121326425062979
092, 2927776844779027523111008429
092, 2661926120804499403758625993
092, 2178322605946395813233552557
092, 2925235858798700926232146571
092, 2350412529910110089588699377
092, 2545216562810022215861478497
092, 1409901427639599172123173437
092, 2923831615463414787481561067
092, 3597444512915366339266693577
092, 3896430103951572986758763449
092, 1632834458416135341069215801
092, 4283275812195649684630593527
092, 2522935060926229564694831431
#
104, 15172606438318714318323805682231
104, 6659934238538150078592635160569
104, 10445508215688686537640346294669
104, 17914958525732800395362204845873
104, 8779997955364492697562158122139
104, 12109466103398052134696645884361
104, 11977403250907227175319453414717
104, 8807493936809559430790015708887
104, 6559324804127306315873141534531
104, 10560093116284775771915334756451
104, 5567041489044568118569810380977
104, 13482505136387686448342499011867
104, 17835054636989115342987265619879
104, 8234719074071178791642840420803
104, 10702450614551706321242602987471
104, 14063561337289205457694569250697
104, 16758716053899066950001603462617
104, 6445175098492775398899098431757
104, 12422498006373493096937908205219
104, 12424739795089993621309995885979
104, 9492199347659476513549396357069
104, 15969813991948131762488652505469
104, 12164190410742203511007515675101
104, 14364910618787239529921586999011
104, 15532449486246210556244727847099
104, 12565729940375558509930096316299
104, 17128746404991575983456560582191
104, 10258467654885613211579399467817
104, 9168699994160730100472208808681
104, 16813481544020157320253258326617
104, 12528657514741234455953090033669
104, 7304834099641656866667072479689
104, 10848330449815332338122042563091
104, 13536023999145400619612177971031
104, 7720286581534218432626691695789
104, 8424941832574333574386841517143
104, 8852421667327339037525228125477
104, 14728463691287951842013810361577
104, 12624504406208295576044756319181
104, 9228121380195266850839912259689
104, 11283511982533452714323762900293
104, 7360006136899098315473129322283
104, 12340529120394058369339682327519
104, 15905162756483867562944003651729
104, 7774909561189062167365664358139
104, 13453898390282752303694536526759
104, 9949353859029602157319982965471
104, 16071203791243043971929025784347
104, 12136419634812378424383776811239
104, 10681934592162413098501757648267
104, 12591964703344280467924867632961
104, 14331189718034277129264070943933
104, 11040134861423404913823236166791
104, 12164430968288576416857416298577
104, 12859001692063899303661556599447
104, 12161911421737319469308271739163
104, 13043737014303141188424550369493
104, 9787037232434161111483568849213
104, 12314065992636803222910120999881
104, 10582764622028320828799167632683
104, 12038583366634872903611752360283
104, 14391976658017180518174260864941
104, 9176462057094666437612204353093
104, 8939210433450069763893787863983
104, 8624559285935355834065101478689
104, 12505438571330525811769730202541
104, 9801416952501610896260499609511
104, 15359116432834746190468601829907
104, 11481861151509716878175065867501
104, 7886195522096172994170431939183
104, 9640794320598933173295139172051
104, 7086770115730373389904703488041
104, 7329539078974103441409291372253
104, 16012155230322411308018305642903
104, 8583595501228651813604711593303
104, 12063967537606303760222914725577
104, 10765187715541203300470397095669
104, 11676086717779607987863271330743
104, 13464563309493831553864864687909
104, 7748984921270891616557178567101
104, 11145048261201337540612015115659
104, 13920918577331074973005024834303
104, 15654591113848689263699593922629
104, 6955895847579619002199567647439
104, 12788628266559270999360497501357
104, 10858483963348685113318548665459
104, 8013936682581525754880531433377
104, 19211661133750752630456267394079
104, 10885548482806797789585757040107
104, 12848912770999702453574274718613
104, 10891574715585960046273859137133
104, 16973269879029271214599823310481
104, 14498780601755791612889200053127
104, 7816614290931207983134101208313
104, 8159780071689878644380510147163
104, 10201830875249154296820403205959
104, 14211472883285384707876805535497
104, 7338700308779913709250127257599
104, 16095783497637281026435808536031
104, 15767540130388935413554218106469
#
116, 67575876221235836449261080522936713
116, 65628682215660955100618455016520991
116, 42623532399191454805876447547425483
116, 34418246693774666944211502848438153
116, 80706665569490568128875167586001093
116, 54867851335828499893791052452482707
116, 34920065408006199373719029322281401
116, 46605165207575650981757103430406879
116, 30489839219744179203685861708338517
116, 60435762730170312666792108387269851
116, 31781650220371376933644489406325059
116, 46445829723472875871733997142540981
116, 48376465353586348971263179607285189
116, 35195756829273936022719943435799063
116, 63987452130531785195674248210912467
116, 61320001409205541795546205282238157
116, 48215145135475884119448501458125061
116, 39970682568755230594912555145497813
116, 50816845643899226033840017107611401
116, 26900060405059223912364253968631549
116, 36882712815648674437162030452903679
116, 41375153713484695981638837099454939
116, 32770210180252003237656371873528041
116, 62403334529544475520581484355047893
116, 55520500807108020315552187840906933
116, 38757583386521600283169666333995739
116, 30536467171831089530212955477266181
116, 54647360725450821549124836337257059
116, 46498768578611479164643320535051253
116, 66832314652448441051739649712524333
116, 48625170149790223142946607700820509
116, 48337186028331442615551120562437533
116, 80534526337472663149723723157140709
116, 54741791898822737136702443375056303
116, 71707845134691848000701297399302007
116, 55473402367597153247205567431637461
116, 41107084168431144094871609935300627
116, 57185761068921396528035960965910881
116, 41316901754550824170875578748516971
116, 37888572795863437637805972684411053
116, 63025701381919442865645166823875747
116, 34962301350234600497207728302299909
116, 37533570970445514197878938593280599
116, 75883061988997606830800845811924569
116, 56773043554493828934595634135668303
116, 43219530362572391671188206077694633
116, 68705889544487095063607504763581621
116, 47923366055198185363068320244487211
116, 56879984316629418759744810425038511
116, 31597783961248118143876119718388833
116, 70555115962884325960222511612840839
116, 52075789732787124472904956887512077
116, 31209685989608883804435170768593739
116, 55079277132574541221300849246960823
116, 75234979136595736783016671268342489
116, 52824780820444778780645807367499711
116, 56141857990298380836324428236288631
116, 79683864398187105598764121458291613
116, 49672243175439969439919187129588763
116, 23011914457888716257370787734212567
116, 44996093353034532860966596569037337
116, 52313712338264588332358104554895679
116, 50171969160577037588642666419899863
116, 34066944656436448412772677995817239
116, 44591003816346976663459490232654653
116, 42142969045006663450782583326738173
116, 38097670608330393353111978261926427
116, 51775314525072319478678484800971661
116, 70426634705531991226151832771005713
116, 31890183611598868463940194682928321
116, 49957545254588647045622454514649693
116, 47399061208536749518889410293027001
116, 40933397512116816899586953811773863
116, 51337608970709599514470176881562613
116, 47894576521613989398844145186774801
116, 34266941292567552708354503635765151
116, 62318914070582994194967647474940767
116, 52195355571261280435201248386680163
116, 42125561385212019392850293084704439
116, 65278004125455898041966361364037161
116, 41054458817521435473199075122037037
116, 47302910752100295783732841888043167
116, 45445711898914280153157495941914943
116, 68863673051693145727804988737200649
116, 32060950159872714478804117040401343
116, 31407889881865972309556265339916441
116, 56885019846171628210591976486227681
116, 34925145468313467474974306133917807
116, 41474090401593558823756416550781749
116, 23468039684287090574740884464777329
116, 45799306945986736208197312353242953
116, 42731670395466757731412459490189819
116, 34561017899739131305626772902460763
116, 53298949912006317764859048683147629
116, 30761100353729083351493595994380629
116, 39430699684540386951386825222082767
116, 41766364473765333324632833884081743
116, 29321908742054148158680403393559593
116, 33235659237129006274347138474457709
116, 27053130434936391675140397010791847
#
128, 177836557279724709577630752048527005121
128, 119874518918120701861238187397692116101
128, 202375987383092257926525649200247366769
128, 209967677180025816870323986011030593881
128, 158698150910436274548429171587740768331
128, 174564070491257654965164839201394239423
128, 292350138060298269853059280803784136927
128, 193631113730791753920213640784613828971
128, 266136475350701222763335016139942685597
128, 181949691536636223392438332424483940233
128, 169141704463789531644239976228350026289
128, 162671692654499082130477240723567686157
128, 161532510647183537709720357574182112931
128, 201262395924955584582842496620971763651
128, 238661322277171241311467243938546367773
128, 207804876179160363360090359895971715901
128, 130476613886874243718617043301839135691
128, 188136604224548559903710503678939244149
128, 238528486985999718455761680775380352997
128, 246688677532417861889267041400267847403
128, 127534300780457327032809672800626522621
128, 208579240407164616569062139078457313961
128, 152341543783357271510489626430010773279
128, 268008646752514369385094212646305888123
128, 150152781944051017303379468676629034451
128, 256213803310152618394859459039075771053
128, 158440244860705100801545718267248232521
128, 276941097161626981359863030294819517011
128, 129163682219654929105885529241352570727
128, 146820537974554323590428028418769890779
128, 115249571107693290503716343528602546063
128, 157919556304053127496079922849004364211
128, 263951213211856753103042205035217144217
128, 120554007047684089315298439583205035597
128, 187005271517096950897213246937695568977
128, 150303241732111984841770223281329869941
128, 235131999241034620026732247632721729807
128, 167605570599911240228722041139035299767
128, 123224958347251425124970293845554511877
128, 171575224604071425546712145489606124131
128, 248696061927697355795437039048785246467
128, 230072592430500171466793253997958627549
128, 155848467778232477412461315232824106989
128, 175991512022103650313105715397448133567
128, 178174546595509268536712714885755247327
128, 262092563888259926579976311754029146909
128, 189029031682235162805191469128573738557
128, 123352413093030908179832048503122078107
128, 241770977892623425989211387951749223303
128, 178809533005144558009474165905486725977
128, 336734694919253559926992132595936189237
128, 298860798987552682445957466576979186883
128, 140878656738250326689524797720134754401
128, 246327711346314858941904932509670528459
128, 226616070812948909950412982225702547603
128, 175243820972988297468818483388834452371
128, 174189100079410327049908798855600339091
128, 258285855587564693726192892014070263273
128, 158938752976241469703420459274652398053
128, 172261706926241986832137082106384592739
128, 98450064960541686645907940895824994061
128, 145578072667454323190865656815282232611
128, 278874078653187432788959735445262379891
128, 100264333873393747934176756099878368579
128, 227498570612398528762521459001859885699
128, 262188495169912583007925385340862235503
128, 178214810215181127433685105323429437629
128, 169230811655047496793445276412929771057
128, 182732901122587940000224790339705702833
128, 232434210701645110923072502950242379709
128, 208909006391393528349642315444527210279
128, 283021657125443068242059885259674131847
128, 194049112987635020199523229943578209009
128, 223542489114657350866055751876722245109
128, 86604425052555526349639797499504117791
128, 195106366978253003379054008403987533023
128, 113138227470821976213795536608196834689
128, 203437504267513264373532674167134931319
128, 197235562965637670889209590295119189123
128, 202826282368475763229967167711527533561
128, 237480290104829628868382041216579023349
128, 160336823675071638453260117520613483709
128, 136533232886739590369581614493410658313
128, 204516753917146349396873292159490639229
128, 272458579469901476575541346470096708641
128, 250721929302272531287863877320631102843
128, 157164226786276466405763748468244613701
128, 176972833072552517892778739469122615393
128, 122011595981090599399724720139389803537
128, 225185486538096991720743762984967021321
128, 133903556199436959362498186286568318039
128, 166342215146861119587360988393478349931
128, 161709258311711230349646476395056187591
128, 199539357347598055120986181004909133367
128, 152968820731042737390075552052361155487
128, 195559913016374177144164627137715388723
128, 271270928867797076852430793436960530897
128, 127789360759161026964543191043440842817
128, 233841341450342772313592944884290472619
128, 174450055183656521598681831902353519999
